 lat lon order_time pizza_amount shoarma_amount burger_amount fries_amount snack_amount french_amount spanish_amount italian_amount greek_amount german_amount african_amount mexican_amount argentine_amount indian_amount chinese_amount sushi_amount luxe_amount
0 48.8319820981 2.3694457970 16:30:56 0 0 0 0 0 0 0 4 0 0 0 0 0 0 0 0 0
1 48.8552693315 2.2716308172 17:03:11 0 0 0 0 0 0 0 0 0 0 0 2 0 0 0 0 0
2 48.8644442777 2.3496237950 17:04:44 0 0 0 0 0 0 0 0 0 0 0 2 0 0 0 0 0
3 48.8753548424 2.3921510267 17:17:33 0 0 0 0 0 0 0 0 0 0 0 0 1 0 0 0 0
4 48.8612341298 2.2727785317 17:18:26 0 0 0 0 0 0 0 0 0 0 0 0 0 0 3 0 0
5 48.8295787955 2.3293112399 17:19:07 0 0 0 0 0 0 0 0 0 2 0 0 0 0 0 0 0
6 48.8466461636 2.3488362239 17:23:57 0 0 0 0 0 0 7 0 0 0 0 0 0 0 0 0 0
7 48.8613132906 2.3630902232 17:26:14 0 0 0 1 0 0 0 0 0 2 0 0 0 0 0 0 0
8 48.8774911447 2.4020524711 17:27:20 1 0 0 0 0 1 0 0 0 0 0 0 0 0 0 0 0
9 48.8686004191 2.2795207739 17:29:39 0 0 0 0 0 0 0 0 0 0 0 7 2 0 0 0 0
10 48.8755542971 2.3455754309 17:30:45 0 0 0 0 0 0 0 0 0 0 0 1 0 0 0 0 0
11 48.8887211178 2.3471913970 17:31:36 0 0 0 5 0 0 0 0 0 0 0 0 0 0 0 0 0
12 48.8408096560 2.3304537766 17:31:51 0 0 0 0 0 0 0 0 0 0 0 0 0 0 0 2 0
13 48.8693036799 2.3276833089 17:38:16 0 0 0 3 0 0 0 0 0 0 0 0 0 0 0 0 0
14 48.8645984273 2.3463685367 17:39:42 0 0 0 2 0 0 0 4 0 0 0 0 0 0 0 0 0
15 48.8785593013 2.3249804148 17:40:35 0 0 0 0 0 2 0 0 0 0 0 0 0 0 0 0 0
16 48.8439971725 2.3516523786 17:41:15 0 0 0 0 0 0 0 0 3 0 0 0 0 0 0 0 0
17 48.8707015872 2.2809587003 17:42:30 0 0 0 0 0 0 0 0 3 0 0 0 0 0 0 0 0
18 48.8684442196 2.3987315216 17:45:06 0 0 0 0 0 0 0 1 0 0 0 0 0 0 0 0 0
19 48.8526642420 2.3549683559 17:46:29 0 0 0 0 0 0 0 0 0 0 0 0 0 0 0 5 0
20 48.8787146326 2.3641012928 17:48:20 0 0 0 0 0 0 0 0 0 0 0 0 0 0 0 2 0
21 48.8576588662 2.2761506612 17:52:46 0 0 0 0 0 0 0 0 5 0 0 0 0 0 0 0 0
22 48.8990397753 2.3409012033 17:56:05 0 0 0 0 1 0 0 0 0 0 0 0 0 0 0 0 0
23 48.8528650491 2.3332950132 17:57:35 2 0 0 0 1 0 0 0 0 0 0 0 0 0 0 0 0
24 48.8543412286 2.2793995774 17:57:52 0 0 0 0 0 0 0 0 0 0 0 2 0 0 0 0 0
25 48.8589140137 2.3008113092 17:58:00 0 0 0 0 0 0 0 0 0 0 0 0 0 0 2 0 0
26 48.8696747199 2.3891654037 17:58:09 0 0 0 0 0 0 4 0 0 0 0 0 0 0 0 0 0
27 48.8435189727 2.3733171824 17:59:11 0 0 0 0 0 0 0 0 0 0 0 0 0 1 0 0 0
28 48.8638153378 2.3576171174 17:59:16 0 0 0 0 0 0 3 0 0 0 0 0 0 0 0 0 0
29 48.8850844803 2.3929176062 17:59:22 0 0 0 1 0 3 0 0 0 0 0 0 0 0 0 0 0
30 48.8429319495 2.3317240339 18:00:26 0 0 0 0 0 2 0 0 0 0 0 0 0 0 0 0 0
31 48.8663917319 2.2893926860 18:01:16 0 0 0 3 0 0 0 0 0 0 0 0 0 0 0 0 0
32 48.8636601116 2.3689877625 18:05:50 0 0 0 4 0 0 0 0 0 0 0 0 0 0 0 0 0
33 48.8251112189 2.3548745445 18:06:27 0 0 0 0 0 0 0 0 0 0 0 0 0 0 3 0 0
34 48.8675303133 2.3469897179 18:06:59 0 0 0 0 0 0 0 0 0 0 0 1 0 0 0 0 0
35 48.8662294759 2.3540745584 18:07:32 0 0 0 0 0 0 0 0 0 0 0 0 0 0 2 0 0
36 48.8440034021 2.3842795378 18:07:44 0 0 0 0 0 0 0 0 0 0 0 1 0 0 0 0 0
37 48.8662983077 2.2817679933 18:09:09 0 0 0 0 0 0 0 0 0 0 0 2 6 0 0 0 0
38 48.8750383408 2.3859435815 18:09:13 0 0 0 3 0 0 0 0 2 0 0 0 0 0 0 0 0
39 48.8417355963 2.3774275136 18:16:44 0 0 0 0 0 0 0 6 0 0 0 0 0 0 0 0 0
40 48.8401945594 2.3525320198 18:16:51 0 0 0 0 0 0 0 0 0 0 0 4 0 0 0 0 0
41 48.8743441818 2.3604867312 18:16:54 0 0 0 3 0 0 0 0 0 0 0 0 0 0 0 0 0
42 48.8334653743 2.3694622248 18:19:00 0 0 0 0 0 2 0 0 0 0 0 0 0 0 0 0 0
43 48.8744700817 2.3797145968 18:19:53 0 0 0 0 0 0 0 0 0 0 0 0 4 0 0 0 0
44 48.8691364845 2.3970378427 18:20:29 0 0 0 0 0 0 0 0 0 0 0 0 0 2 0 0 0
45 48.8726982289 2.3954687447 18:20:40 0 0 0 0 0 0 0 0 0 0 0 0 0 0 0 3 0
46 48.8329459354 2.3410783121 18:20:52 0 0 0 0 0 0 0 0 0 0 0 0 5 0 0 0 0
47 48.8653762888 2.3764594566 18:21:13 0 0 0 0 0 0 0 0 0 0 0 0 0 0 2 0 0
48 48.8851917375 2.3188566460 18:21:14 0 0 1 0 0 0 0 0 0 0 0 0 0 0 0 0 0
49 48.8770359332 2.3424696173 18:23:22 0 0 0 0 0 0 0 0 0 0 0 0 0 0 4 0 0
50 48.8885339057 2.3534290452 18:23:42 0 0 0 0 0 0 0 0 0 0 0 3 0 0 0 0 0
51 48.8397730839 2.2663736427 18:23:55 0 0 0 0 0 0 0 0 0 0 0 0 0 0 6 0 0
52 48.8441879525 2.3304669017 18:25:20 0 0 0 0 0 2 0 0 0 0 0 0 0 0 0 0 0
53 48.8841751591 2.3383994952 18:26:39 0 0 0 0 0 0 0 0 1 0 0 0 0 0 0 0 0
54 48.8811626099 2.3883383705 18:28:14 0 0 0 0 0 0 0 0 0 0 0 7 2 0 0 0 0
55 48.8576715213 2.3634507918 18:28:33 0 0 3 0 0 0 0 0 0 0 0 0 0 0 0 0 0
56 48.8282397241 2.3234319589 18:28:53 0 0 4 0 0 0 0 2 0 0 0 0 0 0 0 0 0
57 48.8849030122 2.3256214630 18:29:18 0 0 0 0 0 0 0 0 0 0 0 0 0 0 0 6 0
58 48.8795218024 2.3501457856 18:29:40 0 0 0 0 0 0 0 0 0 0 0 0 0 0 0 5 0
59 48.8693251317 2.3811405815 18:32:53 0 0 0 0 0 0 0 0 7 0 0 0 0 0 0 0 0
60 48.8504509242 2.3373098016 18:34:54 0 0 0 3 0 0 0 0 0 0 0 0 0 0 0 0 0
61 48.8473088979 2.3434865600 18:35:19 0 0 0 2 0 0 0 0 0 0 0 0 0 0 0 0 0
62 48.8846030238 2.3272674931 18:37:15 0 0 0 3 0 0 0 0 1 0 0 0 0 0 0 0 0
63 48.8664395799 2.3264819670 18:37:16 0 0 0 0 0 0 0 0 0 0 0 0 0 0 0 7 0
64 48.8477614613 2.3513306637 18:37:59 0 0 0 0 0 0 0 0 5 0 0 0 0 0 0 0 0
65 48.8606343229 2.2706487534 18:39:02 0 0 0 0 0 0 0 4 0 0 0 0 0 0 0 0 0
66 48.8872278281 2.3083195606 18:39:18 0 0 0 0 0 0 0 0 0 0 0 0 0 4 0 0 0
67 48.8519098237 2.2677095758 18:39:42 0 0 0 0 0 0 0 0 0 0 0 0 0 0 8 0 0
68 48.8498443288 2.2915636247 18:39:44 0 0 0 0 0 0 0 0 0 0 0 0 0 4 0 0 0
69 48.8925739444 2.3274630291 18:40:27 0 0 0 0 0 0 0 0 0 0 0 0 0 4 0 0 0
70 48.8888424906 2.3456804781 18:40:34 0 0 0 0 0 0 0 0 0 0 0 0 0 0 0 3 0
71 48.8885378350 2.3458880207 18:41:17 0 0 0 0 0 0 0 0 0 0 0 3 0 0 0 0 0
72 48.8592877983 2.2803680105 18:41:39 0 0 1 0 0 0 0 0 0 0 0 0 0 0 0 0 0
73 48.8396621169 2.2657406019 18:41:55 0 0 0 0 0 0 3 0 0 0 0 0 0 0 0 0 0
74 48.8419231809 2.3333396301 18:42:00 0 0 0 0 0 0 0 0 0 0 0 0 0 2 0 0 0
75 48.8843819071 2.3310278076 18:43:43 0 0 0 0 0 0 4 0 0 0 0 0 0 0 0 0 0
76 48.8785932156 2.3029043953 18:44:01 0 0 0 0 0 0 0 0 0 0 0 7 2 0 0 0 0
77 48.8319319781 2.3216985062 18:44:12 0 0 0 3 0 0 0 0 0 0 0 0 0 0 0 0 0
78 48.8954794063 2.3291286384 18:44:22 0 0 0 0 0 0 0 0 0 0 0 4 0 0 0 0 0
79 48.8474897104 2.2962016350 18:45:09 0 0 0 0 0 0 0 0 0 0 0 0 0 0 6 1 0
80 48.8323172084 2.3576360439 18:45:49 0 0 0 0 0 0 0 0 0 0 0 0 0 4 0 0 0
81 48.8500519468 2.4006785304 18:46:30 0 0 0 1 0 0 0 0 2 0 0 0 0 0 0 0 0
82 48.8690626142 2.3331979213 18:47:33 0 0 0 0 0 0 0 1 0 0 0 0 0 0 0 0 0
83 48.8603238881 2.2798572598 18:47:49 0 0 0 2 0 0 0 0 7 0 0 0 0 0 0 0 0
84 48.8749303161 2.3481555652 18:47:57 0 0 1 0 0 0 0 0 0 0 0 0 0 0 0 0 0
85 48.8677885385 2.2859768992 18:48:03 0 0 0 0 0 0 0 0 0 0 0 0 0 0 1 4 0
86 48.8619170218 2.3609071336 18:49:02 0 0 0 0 0 4 0 0 0 0 0 0 0 0 0 0 0
87 48.8500466558 2.2727644751 18:49:10 0 0 0 0 0 0 0 0 0 0 0 0 0 7 0 0 0
88 48.8804514180 2.3429196122 18:49:34 0 0 0 0 0 0 0 0 0 0 0 0 1 0 0 0 0
89 48.8400348455 2.3588058663 18:50:18 2 0 0 0 0 3 0 0 0 0 0 0 0 0 0 0 0
90 48.8621469240 2.3398892475 18:50:20 2 0 0 0 0 0 0 0 0 0 0 0 0 0 0 0 0
91 48.8767451147 2.2969073028 18:50:21 0 0 0 0 0 0 3 0 0 0 0 0 0 0 0 0 0
92 48.8603675935 2.3746321364 18:52:01 0 0 0 0 0 0 3 0 0 0 0 0 0 0 0 0 0
93 48.8646020077 2.3324622609 18:52:19 0 0 0 0 0 3 0 0 0 0 0 0 0 0 0 0 0
94 48.8551199720 2.3459461313 18:52:56 0 0 0 0 0 0 4 0 0 0 0 0 0 0 0 0 0
95 48.8283699343 2.3095772276 18:53:22 0 0 0 0 0 0 0 0 0 0 0 3 0 0 0 0 0
96 48.8505696735 2.2590712830 18:53:33 0 0 4 0 0 0 0 0 0 0 0 0 0 0 0 0 0
97 48.8681004258 2.3331863132 18:54:07 0 0 0 0 0 0 0 5 0 0 0 0 0 0 0 0 0
98 48.8884856369 2.3213568707 18:54:07 0 0 0 0 0 0 0 0 0 0 0 0 0 0 0 1 0
99 48.8551368771 2.4016375520 18:54:23 0 0 0 0 0 0 7 0 0 0 0 0 0 0 0 0 0
100 48.8528917243 2.3459223454 18:54:29 2 0 0 0 0 0 0 0 0 0 0 0 0 0 0 0 0
101 48.8552853058 2.2721439676 18:54:58 0 0 0 0 0 0 0 0 0 0 0 4 0 0 0 0 0
102 48.8401159119 2.2876965140 18:55:59 0 0 0 0 0 0 0 0 0 0 0 3 0 0 0 0 0
103 48.8926117277 2.3088801312 18:56:45 0 0 0 0 0 0 0 0 0 0 0 0 0 2 0 0 0
104 48.8807500919 2.3206395617 18:57:11 0 0 0 0 0 0 3 0 0 0 0 0 0 0 0 0 0
105 48.8554346811 2.3779933671 18:57:19 0 0 0 0 0 0 4 0 0 0 0 0 0 0 0 0 0
106 48.8773095280 2.3763979729 18:58:12 0 0 0 0 0 0 0 0 0 0 0 0 0 0 0 4 0
107 48.8356384035 2.3727921181 18:59:03 0 0 0 0 0 0 2 0 0 0 0 0 0 0 0 0 0
108 48.8805520627 2.3018827750 18:59:24 0 0 0 0 0 0 0 0 0 0 0 0 0 0 3 0 0
109 48.8909086356 2.3580816361 19:00:19 0 0 0 0 0 0 0 0 0 0 0 0 0 0 0 0 3
110 48.8384127847 2.4081802083 19:00:32 0 0 0 0 0 0 0 0 0 0 0 0 1 0 0 0 0
111 48.8779823477 2.3847771389 19:00:35 0 0 0 3 0 0 0 0 4 0 0 0 0 0 0 0 0
112 48.8809342730 2.3101919194 19:00:44 1 0 0 0 0 0 0 0 0 0 0 0 0 0 0 0 0
113 48.8557674061 2.3696291198 19:01:00 0 0 0 0 0 0 0 0 0 0 0 0 0 1 0 0 0
114 48.8444211620 2.3728097961 19:01:55 0 0 0 0 0 0 0 0 0 0 4 0 0 0 0 0 0
115 48.8333677980 2.3060770207 19:02:35 0 0 2 0 0 0 0 0 0 0 0 0 0 0 0 0 0
116 48.8248647572 2.3611931284 19:03:12 0 0 0 2 0 0 0 0 0 0 0 0 0 0 0 0 0
117 48.8283765819 2.3473901647 19:03:23 0 0 0 0 0 0 0 0 0 0 0 0 0 0 1 7 0
118 48.8755399144 2.3889983418 19:03:30 0 0 0 2 0 0 0 0 0 0 0 0 0 0 0 0 0
119 48.8465555191 2.3862304994 19:03:43 4 0 0 0 0 0 0 3 0 0 0 0 0 0 0 0 0
120 48.8839750415 2.3368419364 19:04:15 0 0 0 0 0 0 0 0 2 0 0 0 0 0 0 0 0
121 48.8827885789 2.3228166824 19:04:54 0 0 0 0 0 0 0 0 0 0 0 0 1 0 0 0 0
122 48.8397947263 2.3981682406 19:05:36 0 0 0 0 0 0 0 0 0 0 0 0 0 0 0 3 0
123 48.8418095385 2.4048073827 19:05:50 0 0 0 0 0 0 0 0 0 0 0 1 0 0 0 0 0
124 48.8894830634 2.3316273277 19:05:52 0 0 0 0 0 0 0 0 0 0 0 0 0 4 0 0 0
125 48.8584016167 2.3442580283 19:06:17 0 0 0 2 0 0 0 0 0 0 0 0 0 0 0 0 0
126 48.8576777030 2.2794707812 19:06:24 0 0 0 0 0 0 0 0 6 0 0 0 0 0 0 0 0
127 48.8913630068 2.3830842123 19:06:26 0 0 0 0 0 0 0 0 0 0 0 0 0 2 0 0 0
128 48.8499114445 2.3811581526 19:06:48 0 0 0 0 0 0 0 0 1 0 0 0 0 0 0 0 0
129 48.8298805272 2.3273815334 19:06:50 0 0 0 0 0 0 0 0 0 0 0 0 2 0 0 0 0
130 48.8811388925 2.3189660169 19:07:21 0 0 0 0 0 0 4 0 0 0 0 0 0 0 0 0 0
131 48.8896827857 2.3379187458 19:07:25 0 0 0 0 0 0 0 0 0 0 0 0 0 0 3 0 0
132 48.8333915280 2.3418591408 19:08:50 0 0 0 0 0 0 4 0 0 0 0 0 0 0 0 0 0
133 48.8790634551 2.3315377715 19:11:45 0 0 0 0 0 0 0 0 0 0 0 0 0 2 0 0 0
134 48.8372371001 2.3726135266 19:12:02 0 0 0 0 0 0 0 0 0 0 0 0 0 1 0 0 0
135 48.8678583689 2.2728953208 19:12:45 0 0 1 0 0 0 0 0 0 0 0 0 0 0 0 0 0
136 48.8595990500 2.4043981429 19:12:57 0 0 0 0 0 0 0 2 0 0 0 0 0 0 0 0 0
137 48.8236385101 2.3245245736 19:13:26 0 0 0 3 0 0 0 0 0 0 0 0 0 0 0 0 0
138 48.8846989316 2.3780937258 19:13:27 2 0 0 0 0 2 0 0 0 0 0 0 0 0 0 0 0
139 48.8885874329 2.3343916277 19:13:37 0 0 0 0 0 2 0 0 0 0 0 0 0 0 0 0 0
140 48.8872009939 2.3095170067 19:13:40 0 0 2 0 0 0 0 0 0 0 0 0 0 0 0 0 0
141 48.8327279460 2.3364871205 19:13:47 0 0 0 0 0 0 0 0 0 0 0 4 0 0 0 0 0
142 48.8823570622 2.3171933989 19:14:30 0 0 0 0 0 0 0 0 2 0 0 0 0 0 0 0 0
143 48.8626851237 2.3715775786 19:15:11 0 0 0 0 0 0 0 0 0 0 0 2 0 0 0 0 0
144 48.8584808223 2.3442934462 19:15:14 0 0 0 0 0 0 0 0 0 0 0 1 1 0 0 0 0
145 48.8605904852 2.2724964863 19:15:15 0 0 0 0 0 0 0 2 0 0 0 0 0 0 0 0 0
146 48.8849005855 2.3922060644 19:15:47 2 0 0 0 0 0 0 0 0 0 0 0 0 0 0 0 0
147 48.8935891420 2.3270789011 19:15:51 0 0 0 0 0 0 0 0 0 0 0 0 0 5 0 0 0
148 48.8904951417 2.3464384111 19:16:08 0 0 0 0 0 0 0 0 0 0 0 0 0 3 0 0 0
149 48.8491831105 2.3515686046 19:17:00 0 0 0 0 0 5 0 0 0 0 0 0 0 0 0 0 0
150 48.8707221558 2.3731919684 19:17:16 0 0 0 0 0 0 0 2 0 0 0 0 0 0 0 0 0
151 48.8352785910 2.2898873734 19:17:27 0 0 0 0 0 0 0 0 0 1 0 0 0 0 0 0 0
152 48.8577390774 2.3883747971 19:17:30 0 0 0 0 0 2 0 0 0 0 0 0 0 0 0 0 0
153 48.8486086255 2.3807992443 19:17:36 0 0 0 0 0 0 0 0 0 0 0 0 0 0 2 0 0
154 48.8794504098 2.3664568317 19:18:16 0 0 0 0 0 0 0 0 0 0 0 4 0 0 0 0 0
155 48.8537127926 2.3358328406 19:18:47 0 0 0 0 0 0 0 0 0 0 0 0 0 0 0 4 0
156 48.8926939549 2.3495915232 19:18:48 0 0 0 0 0 0 1 0 0 0 0 0 0 0 0 0 0
157 48.8531491792 2.3538629221 19:18:49 0 0 0 0 0 0 0 0 0 0 0 0 2 0 0 0 0
158 48.8470003115 2.2567147619 19:18:59 0 0 0 2 0 0 0 0 7 0 0 0 0 0 0 0 0
159 48.8843274287 2.3331174488 19:19:06 0 0 0 4 0 8 0 0 0 0 0 0 0 0 0 0 0
160 48.8866990916 2.3686570056 19:19:17 0 0 0 0 0 0 0 0 0 0 0 0 1 0 0 0 0
161 48.8293159022 2.3082133239 19:20:11 0 0 0 3 0 0 0 4 0 0 0 0 0 0 0 0 0
162 48.8477395720 2.2658546126 19:20:11 0 0 0 0 0 0 3 0 0 0 0 0 0 0 0 0 0
163 48.8444977385 2.3087880569 19:20:24 0 0 0 0 0 0 0 0 0 0 3 0 0 0 0 0 0
164 48.8680728723 2.4084002988 19:21:06 0 0 4 0 0 4 0 0 0 0 0 0 0 0 0 0 0
165 48.8758664528 2.3013542269 19:21:23 4 0 0 0 0 0 0 5 0 0 0 0 0 0 0 0 0
166 48.8483869626 2.3768491663 19:21:27 1 0 0 0 0 0 0 0 0 0 0 0 0 0 0 0 0
167 48.8464351388 2.3923772112 19:21:35 0 0 0 0 0 2 0 2 0 0 0 0 0 0 0 0 0
168 48.8671798245 2.2932002818 19:21:36 0 0 0 0 0 0 0 0 7 0 0 0 0 0 0 0 0
169 48.8667061983 2.3356826492 19:22:07 0 0 0 0 0 0 0 0 0 0 0 0 0 0 4 0 0
170 48.8568273533 2.3801807493 19:22:28 0 0 0 0 0 0 0 0 0 2 0 0 0 0 0 0 0
171 48.8664922670 2.3698993394 19:22:36 0 0 0 0 0 0 0 0 0 0 0 2 6 0 0 0 0
172 48.8836526617 2.3833595972 19:22:40 0 0 0 0 0 0 0 0 0 0 0 0 0 5 0 0 0
173 48.8551818875 2.4060409622 19:23:49 0 0 0 0 0 0 0 0 4 0 0 0 0 0 0 0 0
174 48.8672743693 2.2827992250 19:24:25 3 0 0 0 0 0 0 0 0 0 0 0 0 0 0 0 0
175 48.8661283513 2.2887023320 19:25:00 0 0 0 0 0 0 0 2 0 0 0 0 0 0 0 0 0
176 48.8492557379 2.3402391978 19:25:04 0 0 0 0 0 0 0 0 0 0 0 0 0 0 0 0 2
177 48.8491312333 2.2956353335 19:25:29 0 0 0 0 0 0 4 0 0 0 0 0 0 0 0 0 0
178 48.8771820771 2.3769756890 19:26:12 0 0 0 0 0 0 0 0 0 0 0 0 0 0 8 0 0
179 48.8571146907 2.3012166169 19:26:15 0 0 0 0 0 0 0 0 0 0 0 2 0 0 0 0 0
180 48.8396412266 2.3026536871 19:26:21 0 0 0 0 0 0 0 0 0 0 0 0 0 7 0 0 0
181 48.8407789421 2.3868785425 19:26:40 0 0 0 2 0 0 0 0 7 0 0 0 0 0 0 0 0
182 48.8677539146 2.3517870591 19:27:03 0 0 0 2 0 0 0 0 4 0 0 0 0 0 0 0 0
183 48.8586664251 2.2858989468 19:27:33 0 0 0 0 0 0 4 0 0 0 0 0 0 0 0 0 0
184 48.8933264697 2.3609448871 19:27:46 0 0 5 0 0 0 0 0 0 0 0 0 0 0 0 0 0
185 48.8596304352 2.3028460689 19:27:49 0 0 0 0 0 0 0 5 0 0 0 0 0 0 0 0 0
186 48.8800571830 2.2973499001 19:28:11 0 0 0 0 0 0 0 0 0 0 0 0 0 0 4 1 0
187 48.8634850486 2.3534932883 19:28:21 0 0 0 0 0 0 0 0 0 0 0 0 0 3 0 0 0
188 48.8533351190 2.3704569666 19:29:06 0 0 0 0 0 0 6 0 0 0 0 0 0 0 0 0 0
189 48.8947958824 2.3394409720 19:29:18 0 0 1 0 0 3 0 3 0 0 0 0 0 0 0 0 0
190 48.8668145804 2.3855646740 19:29:22 6 0 0 0 0 0 0 0 0 0 0 0 0 0 0 0 0
191 48.8888595033 2.2981594699 19:29:34 0 0 0 0 0 0 1 0 0 0 0 0 0 0 0 0 0
192 48.8978720404 2.3518545697 19:29:35 0 0 0 0 0 0 0 0 0 1 0 0 0 0 0 0 0
193 48.8604688856 2.2783748665 19:29:38 0 1 0 0 0 0 0 0 0 0 0 0 0 0 0 0 0
194 48.8850915685 2.3784493232 19:29:42 0 0 0 0 0 0 0 0 0 0 0 1 0 0 0 0 0
195 48.8736186315 2.3478163711 19:29:49 1 0 0 0 0 0 0 0 0 0 0 0 0 0 0 0 0
196 48.8605125553 2.2800719771 19:30:03 0 0 0 0 0 0 0 0 0 0 2 0 0 0 0 0 0
197 48.8821213465 2.2932147199 19:30:04 0 0 0 2 0 0 0 0 0 0 0 0 0 0 0 0 0
198 48.8824993371 2.3880227017 19:30:15 0 0 0 0 0 0 0 0 0 0 1 0 0 0 0 0 0
199 48.8967509848 2.3353152017 19:30:27 0 0 0 0 0 0 0 0 0 3 0 0 0 0 0 0 0
200 48.8468203888 2.3062823377 19:30:30 0 0 0 0 0 0 0 0 0 0 0 0 0 0 7 0 0
201 48.8374523079 2.2941464272 19:30:48 0 0 0 0 0 0 6 0 0 0 0 0 0 0 0 0 0
202 48.8938174096 2.3268167385 19:31:00 0 0 0 0 0 0 0 0 0 0 0 0 0 2 0 0 0
203 48.8592147751 2.3075163776 19:31:20 0 0 0 0 0 0 1 0 0 0 0 0 0 0 0 0 0
204 48.8835242895 2.3366076368 19:31:25 0 0 0 0 0 0 4 0 0 0 0 0 0 0 0 0 0
205 48.8263072126 2.3170536751 19:31:31 0 0 0 0 0 0 0 0 0 0 0 0 0 0 0 0 4
206 48.8502412434 2.2757744415 19:32:47 0 0 0 0 0 0 0 2 0 0 0 0 0 0 0 0 0
207 48.8552885988 2.3578775023 19:33:04 0 0 0 0 0 0 0 0 4 0 0 0 0 0 0 0 0
208 48.8967836306 2.3227357643 19:33:29 0 0 0 0 0 0 4 0 0 0 0 0 0 0 0 0 0
209 48.8610519974 2.3068984606 19:33:30 0 0 0 0 0 0 0 0 0 0 0 0 4 0 0 0 0
210 48.8777607162 2.2948349560 19:34:31 0 0 0 0 0 0 0 3 0 0 0 0 0 0 0 0 0
211 48.8811270322 2.3895766723 19:34:45 0 0 0 0 0 0 0 0 1 0 0 0 0 0 0 0 0
212 48.8580864365 2.3976603952 19:35:11 0 0 0 0 0 0 0 0 0 0 0 0 0 0 3 0 0
213 48.8532406127 2.3787512407 19:35:27 0 0 0 0 0 0 0 0 2 0 0 0 0 0 0 0 0
214 48.8332690168 2.3232977486 19:36:33 0 0 0 0 0 0 0 2 0 0 0 0 0 0 0 0 0
215 48.8817256534 2.3309858982 19:36:36 0 0 0 0 0 0 0 0 1 0 0 0 0 0 0 0 0
216 48.8434118292 2.2605600527 19:37:15 0 0 0 2 0 0 0 0 0 0 0 0 0 0 0 0 0
217 48.8700900560 2.3192620735 19:37:57 0 0 0 0 0 0 0 0 0 0 0 3 2 0 0 0 0
218 48.8546363379 2.3546573482 19:38:09 0 0 0 2 0 0 0 0 0 0 0 0 0 0 0 0 0
219 48.8610631188 2.3674832838 19:38:48 0 0 0 0 0 1 0 0 0 0 0 0 0 0 0 0 0
220 48.8530230185 2.3322618805 19:38:55 0 0 0 0 3 0 0 0 0 0 0 0 0 0 0 0 0
221 48.8771435665 2.3560866246 19:38:56 0 0 0 0 2 0 0 0 0 0 0 0 0 0 0 0 0
222 48.8678777798 2.3894560600 19:39:57 0 0 0 0 0 0 0 0 0 0 0 0 3 0 0 0 0
223 48.8540210410 2.3754618731 19:40:08 0 0 0 0 0 8 0 0 0 0 0 0 0 0 0 0 0
224 48.8367065425 2.3994750533 19:40:08 0 0 0 0 0 0 0 0 0 0 0 0 0 0 0 5 0
225 48.8760623083 2.3993950871 19:40:50 0 0 0 0 0 0 0 0 0 0 0 0 1 0 0 0 0
226 48.8939188616 2.3375941194 19:40:55 0 0 0 4 0 8 0 0 0 0 0 0 0 0 0 0 0
227 48.8632930727 2.3740541726 19:41:07 0 0 0 0 0 0 0 0 0 0 0 0 0 0 3 0 0
228 48.8672198843 2.2766426924 19:41:17 0 0 0 0 0 0 0 0 0 0 0 0 0 0 0 2 0
229 48.8774189445 2.3488205860 19:41:48 0 0 0 0 0 0 0 2 0 0 0 0 0 0 0 0 0
230 48.8672056600 2.2876740158 19:41:59 0 0 0 0 0 0 0 0 0 0 0 0 0 0 0 0 4
231 48.8565401691 2.3016218432 19:42:20 0 0 0 0 0 0 0 0 0 0 0 0 0 0 0 1 0
232 48.8433114120 2.3523831348 19:43:17 0 0 0 0 0 0 0 0 0 0 0 0 0 3 0 0 0
233 48.8969617899 2.3344131209 19:43:37 0 0 0 0 0 0 0 0 0 0 0 0 0 0 0 0 3
234 48.8416406783 2.2895080372 19:43:43 0 0 0 0 0 0 0 4 0 0 0 0 0 0 0 0 0
235 48.8668389407 2.2804344402 19:43:51 0 0 0 0 0 5 0 0 0 0 0 0 0 0 0 0 0
236 48.8661172255 2.3908134029 19:44:09 0 0 0 0 0 0 0 4 0 0 0 0 0 0 0 0 0
237 48.8663344138 2.3405010401 19:44:15 0 3 0 0 0 0 0 0 0 0 0 0 0 0 0 0 0
238 48.8654980874 2.3769669689 19:44:18 0 0 0 0 0 0 0 0 0 0 0 0 0 2 0 0 0
239 48.8270149116 2.3235788461 19:44:20 0 0 0 0 0 0 0 0 1 0 0 0 0 0 0 0 0
240 48.8438790333 2.3481449409 19:45:16 0 0 0 0 0 0 0 4 0 2 0 0 0 0 0 0 0
241 48.8348938240 2.3218777241 19:45:16 0 0 0 0 0 0 3 0 0 0 0 0 0 0 0 0 0
242 48.8661581012 2.2877755136 19:45:43 0 0 0 0 0 0 0 0 3 0 0 0 0 0 0 0 0
243 48.8465605599 2.4098942952 19:46:08 0 0 0 0 0 0 0 0 0 4 0 0 0 0 0 0 1
244 48.8996215689 2.3737440111 19:46:10 0 0 0 1 0 0 0 0 1 0 0 0 0 0 0 0 0
245 48.8787834056 2.3298084013 19:46:26 0 0 0 0 0 2 0 0 0 0 0 0 0 0 0 0 0
246 48.8528996195 2.3102064506 19:46:27 0 0 0 0 0 2 0 4 0 0 0 0 2 0 0 0 4
247 48.8865300798 2.2965810575 19:46:28 0 0 0 0 0 0 7 0 0 0 0 0 0 0 0 0 0
248 48.8456933920 2.2948358816 19:47:19 0 0 0 0 0 1 0 0 0 0 0 0 0 0 0 0 0
249 48.8660571066 2.4066358689 19:47:32 0 0 0 0 0 2 0 0 0 0 0 0 0 0 0 0 0
250 48.8711878002 2.3883900357 19:47:57 4 0 0 0 0 0 0 0 0 0 0 0 0 0 0 0 0
251 48.8532171477 2.2814304627 19:48:13 0 0 0 3 0 0 0 0 1 0 0 0 0 0 0 0 0
252 48.8692025163 2.3456292861 19:48:37 0 0 0 0 0 0 0 0 2 0 0 0 0 0 0 0 0
253 48.8772900463 2.3113770317 19:48:41 0 0 0 0 0 0 0 3 0 0 0 0 0 0 0 0 0
254 48.8803118883 2.3212718663 19:49:03 0 0 0 1 0 0 0 0 0 0 0 0 0 0 0 0 1
255 48.8622464006 2.2704633511 19:50:29 0 0 0 0 0 0 0 0 0 0 0 4 0 0 0 0 0
256 48.8784392690 2.3512547793 19:51:23 0 0 0 0 0 0 0 0 0 0 0 0 0 0 6 0 0
257 48.8900908677 2.3332002681 19:52:15 0 0 0 0 0 2 0 0 0 0 0 0 1 0 0 0 0
258 48.8677867077 2.3258429475 19:52:44 0 0 0 0 0 0 0 0 4 0 0 0 0 0 0 0 0
259 48.8328452506 2.2969015337 19:53:23 0 0 0 0 0 0 0 1 0 4 0 0 0 0 0 0 0
260 48.8527287139 2.3236023526 19:53:30 3 0 0 0 0 0 0 0 0 0 0 0 0 0 0 0 0
261 48.8923178771 2.3371081640 19:54:04 0 0 0 2 0 0 0 0 0 0 0 0 0 0 0 0 0
262 48.8699245664 2.3038808852 19:55:15 0 0 0 0 0 0 0 4 0 0 0 0 0 0 0 0 0
263 48.8486798386 2.3897404778 19:55:51 0 0 0 0 0 0 0 0 0 0 0 0 3 0 0 0 1
264 48.8300715227 2.3233915511 19:57:35 0 0 0 0 0 4 0 0 0 0 0 0 0 0 0 0 0
265 48.8765511524 2.3168192986 19:57:40 0 0 0 4 0 0 0 0 0 0 0 0 0 0 0 0 0
266 48.8945306428 2.3115657168 19:57:51 3 4 0 0 0 0 0 0 0 0 0 0 0 0 0 0 0
267 48.8469297445 2.3745408358 19:58:24 0 0 0 0 0 0 0 2 0 0 0 0 0 0 0 0 0
268 48.8913064393 2.3761936135 19:58:37 0 0 4 0 0 0 0 0 0 4 0 0 0 0 0 0 0
269 48.8338232763 2.2974497679 19:59:57 0 0 0 0 0 0 0 4 0 0 0 0 0 0 0 0 0
270 48.8356681460 2.2993170646 20:00:49 0 0 1 1 0 0 0 0 0 0 0 0 0 0 0 0 0
271 48.8616818430 2.3770465810 20:01:06 0 0 0 4 0 0 0 0 0 0 0 0 0 0 0 0 0
272 48.8741328527 2.3751549874 20:01:24 0 0 0 0 0 5 0 0 0 0 0 0 0 0 0 0 0
273 48.8752154001 2.3098253611 20:01:45 4 0 0 0 0 0 0 0 0 0 0 0 0 0 0 0 0
274 48.8672937158 2.3032750418 20:02:05 0 0 0 0 3 0 0 0 0 0 0 0 0 0 0 0 0
275 48.8494636682 2.3920891278 20:02:09 2 0 0 0 0 0 0 0 0 0 0 0 0 0 0 0 0
276 48.8304871706 2.3260401498 20:02:45 0 0 0 0 0 0 0 3 0 0 0 0 2 0 0 0 0
277 48.8419365374 2.3341874493 20:03:20 0 0 0 2 0 0 0 0 0 0 0 0 0 0 0 0 0
278 48.8812195323 2.3142649792 20:03:31 0 0 0 0 0 0 0 0 0 0 0 4 0 0 0 0 0
279 48.8419659338 2.3137793055 20:03:32 9 0 0 0 0 0 0 0 0 0 0 0 0 0 0 0 0
280 48.8812982686 2.3884904041 20:03:50 0 0 0 0 0 0 0 0 0 0 0 0 0 0 0 2 0
281 48.8655030600 2.3332439525 20:03:50 0 0 0 0 0 0 0 0 5 0 0 0 0 0 0 0 0
282 48.8630453727 2.3884997433 20:04:00 0 0 0 1 0 0 0 0 0 0 0 0 0 0 0 0 0
283 48.8850747630 2.3654847655 20:05:09 5 0 0 0 1 0 0 0 0 0 0 0 0 0 0 0 0
284 48.8529845690 2.3408152313 20:05:46 0 0 0 0 0 0 0 0 0 0 0 0 0 0 2 3 0
285 48.8976945830 2.3407348320 20:06:22 0 0 0 0 0 0 0 0 0 2 0 0 0 0 0 0 0
286 48.8843912974 2.3260042834 20:06:29 0 4 0 0 3 0 0 0 0 0 0 0 0 0 0 0 0
287 48.8690884903 2.3340728525 20:06:44 0 0 0 0 0 0 0 0 0 0 0 0 0 0 0 4 0
288 48.8727229102 2.3949866964 20:06:58 0 0 0 0 0 0 0 0 0 0 1 0 0 0 0 0 0
289 48.8679815364 2.3345695889 20:07:09 0 3 0 0 0 0 0 0 0 0 0 0 0 0 0 0 0
290 48.8666283321 2.2887715008 20:07:10 0 0 0 0 0 0 0 0 0 0 0 5 0 0 0 0 0
291 48.8893440790 2.3322818058 20:08:59 0 0 0 0 0 0 0 4 0 2 0 0 0 0 0 0 0
292 48.8582008259 2.3014821941 20:09:07 0 0 0 0 0 0 0 0 0 0 0 0 0 0 3 0 0
293 48.8529153707 2.3520333905 20:09:13 0 0 0 0 0 0 0 4 0 0 0 0 2 0 0 0 0
294 48.8277680121 2.3159309651 20:09:15 0 0 0 2 0 0 0 0 0 0 0 0 0 0 0 0 0
295 48.8336095532 2.3546767945 20:09:31 7 0 0 0 0 0 0 0 0 0 0 0 0 0 0 0 0
296 48.8524142843 2.4118041330 20:09:40 0 0 0 0 0 0 0 0 0 0 0 3 0 0 0 0 0
297 48.8833262876 2.3295936255 20:10:43 0 0 0 0 0 0 0 0 0 0 0 0 0 0 0 0 3
298 48.8231354129 2.3652029527 20:10:49 0 0 0 0 0 0 0 0 0 0 0 0 0 0 0 0 4
299 48.8358267806 2.3507303443 20:11:25 0 0 0 1 0 0 0 0 0 0 0 0 0 0 0 0 0
300 48.8631415538 2.3568873470 20:11:43 0 0 0 0 0 0 0 0 0 0 2 0 0 0 0 0 1
301 48.8951842884 2.3422327421 20:11:43 0 0 0 1 0 0 0 0 0 0 0 0 0 0 0 0 0
302 48.8309839587 2.3411529048 20:12:14 0 0 0 0 0 0 0 0 0 0 0 0 0 0 0 0 3
303 48.8341314406 2.2892583149 20:12:20 0 0 0 0 0 0 0 0 0 3 0 0 0 0 0 0 0
304 48.8601528849 2.3661527213 20:12:24 0 0 0 0 0 0 0 2 0 0 0 0 0 0 0 0 0
305 48.8782104809 2.3550375868 20:13:06 0 0 0 0 0 0 0 2 0 0 0 0 0 0 0 0 0
306 48.8857503609 2.3380898887 20:13:15 0 0 0 0 0 2 0 0 0 0 0 0 0 0 0 0 2
307 48.8794436868 2.3490113085 20:13:16 0 0 0 0 0 0 0 2 0 0 0 0 0 0 0 0 0
308 48.8855457585 2.3141826982 20:14:26 0 0 0 0 0 1 0 0 0 1 0 0 0 0 0 0 0
309 48.8290011792 2.3815323867 20:15:20 0 0 0 4 1 0 0 0 0 0 0 0 0 0 0 0 0
310 48.8412273044 2.3291854078 20:15:45 0 0 0 1 0 0 0 0 0 0 0 0 0 0 0 0 0
311 48.8786565377 2.3506570609 20:15:53 0 0 0 0 0 0 0 0 0 0 0 0 0 0 0 0 3
312 48.8245361681 2.3521114559 20:15:59 0 0 0 3 0 0 0 0 0 0 0 0 0 0 0 0 0
313 48.8306272075 2.3322310631 20:16:17 0 0 0 0 0 0 0 0 0 1 0 0 0 0 0 0 0
314 48.8621345811 2.2747129725 20:16:19 0 0 0 4 0 0 0 0 0 0 0 0 0 0 0 0 0
315 48.8539566446 2.3993783678 20:16:28 0 0 0 0 0 0 0 0 0 0 4 0 0 0 0 0 0
316 48.8447533148 2.2864056527 20:17:00 0 0 0 0 0 0 0 3 0 0 0 0 2 0 0 0 0
317 48.8878273268 2.3504488352 20:17:07 0 0 0 0 0 1 0 0 0 0 0 0 0 0 0 0 0
318 48.8846768936 2.3532066105 20:17:10 0 0 0 0 0 0 0 0 0 0 0 0 0 0 6 0 0
319 48.8996812382 2.3700528716 20:17:25 0 0 0 0 0 0 0 0 0 0 0 0 0 0 0 2 0
320 48.8613038029 2.4018982689 20:17:39 0 0 3 0 0 0 0 0 0 0 0 0 0 0 0 0 0
321 48.8489129039 2.3900655983 20:17:55 0 0 0 0 1 0 0 0 0 0 0 0 0 0 0 0 0
322 48.8457548295 2.3715478727 20:18:49 0 0 0 0 0 0 0 0 0 4 0 0 0 0 0 0 0
323 48.8752869972 2.3116491635 20:18:49 0 0 0 0 0 0 0 0 1 0 0 0 0 0 0 0 0
324 48.8419678252 2.3475863971 20:18:55 0 0 0 0 0 0 0 0 0 3 0 0 0 0 0 0 0
325 48.8485387285 2.2937585272 20:19:38 0 0 0 0 0 0 0 0 3 0 0 0 0 0 0 0 0
326 48.8571141099 2.4055261342 20:19:51 0 0 0 0 0 0 0 0 0 0 0 0 0 0 0 0 4
327 48.8842409587 2.3752024495 20:20:51 0 1 0 3 0 0 0 0 0 0 0 0 0 0 0 0 0
328 48.8533196387 2.2902835557 20:20:53 0 0 0 0 0 0 0 0 0 0 0 1 0 0 0 0 0
329 48.8464598642 2.3080121196 20:21:25 0 0 0 0 0 0 0 0 0 0 4 0 0 0 0 0 0
330 48.8755546838 2.3984949312 20:21:28 0 0 0 2 0 0 0 0 0 0 0 0 0 0 0 0 0
331 48.8299414432 2.3725212560 20:21:54 0 0 0 0 0 0 0 0 0 0 0 0 0 0 0 0 2
332 48.8955283428 2.3243471091 20:22:09 0 0 0 0 0 0 0 0 0 0 0 0 0 0 0 0 2
333 48.8563895071 2.3209791460 20:22:17 0 0 3 0 0 3 0 0 0 0 0 0 0 0 0 0 0
334 48.8641545896 2.3979812079 20:22:20 0 0 0 0 0 6 0 0 0 0 0 0 0 0 0 0 0
335 48.8877129747 2.3596689362 20:22:23 3 0 0 0 0 0 0 0 0 0 0 0 0 0 0 0 0
336 48.8927218987 2.3256518869 20:22:47 0 0 0 0 0 0 0 0 0 0 0 0 0 0 0 3 0
337 48.8211786672 2.3425485993 20:24:31 4 0 0 0 0 0 0 0 0 0 0 0 0 0 0 0 0
338 48.8755658300 2.3933018666 20:25:05 0 0 0 1 0 0 0 0 0 0 0 0 0 0 0 0 0
339 48.8530580943 2.2966653837 20:25:36 0 0 0 0 0 0 0 3 0 1 0 0 0 0 0 0 0
340 48.8566524975 2.3309184446 20:27:19 0 0 0 0 0 0 0 0 0 0 0 0 0 0 0 4 0
341 48.8926464973 2.3253049094 20:27:43 0 0 0 0 8 0 0 0 0 0 0 0 0 0 0 0 0
342 48.8781197504 2.2887474054 20:28:12 0 0 0 0 0 0 0 1 0 0 0 0 0 0 0 0 0
343 48.8466447280 2.3732255974 20:28:13 0 0 0 1 0 0 0 0 0 0 0 0 0 0 0 0 0
344 48.8613684079 2.3828149843 20:28:24 3 0 0 0 0 0 0 0 0 0 0 0 0 0 0 0 0
345 48.8584991561 2.4107470394 20:28:27 0 4 0 0 0 0 0 0 0 0 0 0 0 0 0 0 0
346 48.8366648891 2.2993048947 20:28:31 0 0 0 0 0 0 0 2 0 0 0 0 0 0 0 0 0
347 48.8707518417 2.3486082218 20:28:48 0 0 0 4 0 0 0 0 0 0 0 0 0 0 0 0 0
348 48.8945177210 2.3605217785 20:28:53 0 0 0 0 0 0 0 0 0 0 0 0 0 0 0 0 4
349 48.8262687004 2.3541442370 20:29:38 0 0 0 0 0 0 0 0 0 0 0 0 3 0 0 0 0
350 48.8796037450 2.3137776573 20:30:11 0 0 0 0 0 0 0 0 0 0 0 0 0 0 3 0 0
351 48.8896648883 2.3430647864 20:30:46 0 0 0 4 0 0 0 0 0 0 0 0 0 0 0 0 0
352 48.8229569423 2.3544996563 20:30:54 0 0 0 0 0 0 0 0 0 0 2 0 0 0 0 0 1
353 48.8499704575 2.2748971650 20:31:01 0 0 0 0 0 0 0 0 0 0 1 0 0 0 0 0 0
354 48.8393108425 2.3047200669 20:31:14 0 0 0 0 7 0 0 0 0 0 0 0 0 0 0 0 0
355 48.8825631555 2.2964149169 20:31:49 2 0 0 0 0 0 0 0 0 4 0 0 0 0 0 0 0
356 48.8417105694 2.3069488914 20:32:03 0 0 0 2 0 0 0 0 0 0 0 0 0 0 0 0 0
357 48.8450951986 2.2637874871 20:32:13 0 0 0 0 0 0 0 0 3 0 0 0 0 0 0 0 0
358 48.8762416202 2.3837042747 20:32:33 0 0 6 2 0 0 0 0 0 0 0 0 0 0 0 0 0
359 48.8701178860 2.3747580831 20:33:47 1 0 3 0 0 0 0 0 0 0 0 0 0 0 0 0 0
360 48.8525580297 2.3472477955 20:33:52 0 0 0 1 1 0 0 0 0 0 0 0 0 0 0 0 0
361 48.8413473811 2.2910118817 20:33:57 2 0 0 1 0 0 0 0 0 4 0 0 0 0 0 0 0
362 48.8447270064 2.3207471463 20:33:57 2 0 0 4 0 0 0 0 0 0 0 0 0 0 0 0 0
363 48.8354457331 2.3952608838 20:33:59 2 0 0 0 0 0 0 0 0 0 0 0 0 0 0 0 0
364 48.8383100131 2.3469673983 20:34:49 0 0 0 0 0 0 0 0 0 0 0 0 0 0 0 5 0
365 48.8817705211 2.3080965829 20:34:52 6 0 0 0 0 0 0 0 0 0 0 0 0 0 0 0 0
366 48.8795207696 2.3472778921 20:34:55 0 0 0 6 0 3 0 0 0 0 0 0 0 0 0 0 1
367 48.8845560652 2.3546256986 20:35:39 0 0 0 0 0 0 0 0 0 0 0 0 0 0 0 0 2
368 48.8475005059 2.2928608653 20:35:55 0 0 0 0 0 2 0 0 0 0 0 0 2 0 0 0 4
369 48.8841901358 2.3775841585 20:36:31 0 3 0 0 2 0 0 0 0 0 0 0 0 0 0 0 0
370 48.8449958603 2.2959781569 20:36:49 0 0 3 0 0 0 0 0 0 0 0 0 0 0 0 0 0
371 48.8932566903 2.3261556978 20:36:50 0 0 0 0 0 0 0 0 0 0 0 0 1 0 0 0 0
372 48.8476006387 2.3323437014 20:36:56 0 0 0 0 0 3 0 0 0 0 0 0 0 0 0 0 0
373 48.8404560960 2.2651507805 20:38:33 0 0 0 0 0 0 0 0 0 4 0 0 0 0 0 0 0
374 48.8564915812 2.2853556836 20:39:32 0 0 0 0 0 0 0 0 0 0 0 0 0 0 0 0 1
375 48.8810802357 2.3531293564 20:39:34 1 0 0 0 0 0 0 0 0 2 0 0 0 0 0 0 0
376 48.8429813915 2.3000448270 20:40:57 0 0 0 0 0 0 0 0 0 0 0 0 0 0 4 0 0
377 48.8537234178 2.3660965988 20:41:01 0 0 2 0 4 0 0 0 0 0 0 0 0 0 0 0 0
378 48.8661373978 2.2884036712 20:43:34 0 1 0 0 3 0 0 0 0 0 0 0 0 0 0 0 0
379 48.8302130833 2.3151340553 20:44:17 0 0 0 0 0 0 0 0 0 0 0 3 3 0 0 0 0
380 48.8616997388 2.3039317872 20:44:19 0 0 0 0 0 0 0 0 0 0 0 0 0 0 0 0 2
381 48.8665829079 2.2777612466 20:44:20 0 0 0 0 0 0 0 0 0 2 0 0 0 0 0 0 0
382 48.8631177885 2.3399412624 20:44:36 3 0 0 0 0 0 0 0 0 0 0 0 0 0 0 0 0
383 48.8249457227 2.3266091828 20:44:53 4 0 0 0 0 1 0 0 0 0 0 0 0 0 0 0 0
384 48.8869529361 2.3259941708 20:44:55 0 0 0 0 0 0 0 0 0 0 0 0 0 0 0 0 2
385 48.8748963089 2.3531843649 20:45:00 0 0 0 3 0 0 0 0 0 0 0 0 0 0 0 0 0
386 48.8553564882 2.3369737823 20:45:09 0 0 0 0 0 2 0 0 0 0 0 0 1 0 0 0 0
387 48.8451716710 2.2932111334 20:45:19 0 0 0 6 0 0 0 0 0 0 0 0 0 0 0 0 0
388 48.8637166155 2.3669246548 20:46:14 0 0 0 0 0 0 0 0 0 3 0 0 0 0 0 0 0
389 48.8718756091 2.3265083409 20:46:18 0 0 0 0 0 0 0 0 0 0 0 0 5 0 0 0 0
390 48.8785731567 2.3960073045 20:46:27 0 0 0 0 5 0 0 0 0 0 0 0 0 0 0 0 0
391 48.8865009241 2.3527401579 20:46:33 0 0 0 2 0 0 0 0 0 0 0 0 0 0 0 0 0
392 48.8707917119 2.3015144555 20:47:37 0 0 0 0 0 0 0 0 0 0 0 0 0 0 0 0 3
393 48.8651229739 2.3428512032 20:47:56 0 0 0 0 0 0 0 0 0 0 2 0 0 0 0 0 0
394 48.8632569978 2.2765170199 20:48:23 0 0 0 0 0 0 0 0 0 0 0 0 3 0 0 0 0
395 48.8552062937 2.3274116887 20:48:31 0 0 0 1 1 0 0 0 0 0 0 0 0 0 0 0 0
396 48.8277838869 2.3171253791 20:48:50 0 0 0 5 0 0 0 0 0 0 0 0 0 0 0 0 0
397 48.8679595130 2.3975454843 20:49:21 0 0 0 0 0 4 0 0 0 0 0 0 0 0 0 0 0
398 48.8491125548 2.2751242801 20:49:51 0 0 0 0 0 0 0 0 0 0 0 0 0 0 3 0 0
399 48.8332202400 2.3185977983 20:50:03 0 0 3 0 0 0 0 0 0 0 0 0 0 0 0 0 0
400 48.8734542311 2.3439467226 20:50:23 0 0 1 0 0 0 0 0 0 2 0 0 0 0 0 0 0
401 48.8838551501 2.3118258914 20:50:41 2 0 0 0 5 0 0 0 0 0 0 0 0 0 0 0 0
402 48.8786369762 2.3015298961 20:51:07 0 0 1 0 0 0 0 0 0 0 0 0 0 0 0 0 0
403 48.8412523901 2.2993179049 20:51:33 1 0 0 0 0 0 0 0 0 0 0 0 0 0 0 0 0
404 48.8826851130 2.3421712689 20:51:43 0 0 0 2 0 0 0 0 0 0 0 0 0 0 0 0 0
405 48.8594521730 2.3009742211 20:51:50 2 0 0 0 0 0 0 3 0 0 0 0 0 0 0 0 0
406 48.8291268358 2.3152038754 20:51:52 0 0 0 0 0 0 0 0 0 0 0 0 0 0 0 0 4
407 48.8265140548 2.3341600051 20:52:05 0 0 1 0 0 0 0 0 0 0 0 0 0 0 0 0 0
408 48.8485628251 2.3247898238 20:52:13 1 0 0 0 0 0 0 0 0 0 0 0 0 0 0 0 1
409 48.8350999216 2.3441013125 20:52:37 0 2 0 0 0 0 0 0 0 0 0 0 0 0 0 0 0
410 48.8772805718 2.3990563260 20:52:58 0 0 0 0 0 0 0 0 0 0 0 0 2 0 0 0 0
411 48.8768223208 2.4010148034 20:55:25 0 0 0 0 2 0 0 0 0 0 0 0 0 0 0 0 0
412 48.8738036100 2.3979711285 20:55:45 0 0 0 0 0 0 0 4 0 0 0 0 0 0 0 0 5
413 48.8868127556 2.3565325256 20:56:04 0 0 0 0 0 0 0 0 0 0 2 0 0 0 0 0 0
414 48.8417987025 2.3188070269 20:56:37 0 0 0 0 0 5 0 0 0 0 0 0 0 0 0 0 0
415 48.8823602653 2.3226786789 20:56:53 0 0 0 0 0 0 0 0 0 0 0 1 0 0 0 0 0
416 48.8678264529 2.3493694472 20:57:04 0 0 2 0 0 0 0 0 0 0 0 0 0 0 0 0 0
417 48.8432707367 2.3638951621 20:57:33 0 0 0 0 0 0 0 0 3 0 0 0 0 0 0 0 0
418 48.8564582465 2.3011279478 20:57:43 0 4 0 0 0 0 0 0 0 0 0 0 0 0 0 0 0
419 48.8449972107 2.4037076634 20:58:20 2 0 0 0 0 0 0 0 0 0 0 0 0 0 0 0 0
420 48.8875741803 2.3412859092 20:58:49 0 0 0 0 0 0 0 0 0 0 2 0 0 0 0 0 0
421 48.8472245074 2.3942486318 20:58:57 0 0 0 0 0 0 0 0 0 0 0 0 0 0 0 3 0
422 48.8349255266 2.3923124245 20:59:03 0 0 0 2 0 0 0 0 0 0 0 0 0 0 0 0 0
423 48.8572748419 2.3848411128 20:59:27 0 0 6 0 0 0 0 4 0 0 0 0 0 0 0 0 0
424 48.8669335912 2.3362749664 20:59:28 0 0 6 0 0 2 0 0 0 0 0 0 0 0 0 0 0
425 48.8644482704 2.3796056324 20:59:34 0 0 0 4 0 0 0 0 0 0 0 0 0 0 0 0 0
426 48.8691285340 2.3477239672 20:59:53 0 0 0 0 0 0 0 0 0 0 2 0 0 0 0 0 0
427 48.8362810539 2.3309882160 21:00:06 1 0 0 0 0 0 0 0 0 3 0 0 0 0 0 0 0
428 48.8801757475 2.3666938376 21:00:27 0 0 0 0 1 0 0 0 0 0 0 0 0 0 0 0 0
429 48.8443248526 2.3794025783 21:00:30 0 0 0 0 1 0 0 0 0 0 0 0 0 0 0 0 0
430 48.8408010818 2.2877473738 21:01:02 0 0 4 0 0 4 0 0 0 0 0 0 0 0 0 0 0
431 48.8733982146 2.3002378047 21:01:37 0 0 0 0 0 0 0 3 0 0 0 0 0 0 0 0 0
432 48.8819799465 2.3100588760 21:01:40 0 0 0 0 6 0 0 0 0 0 0 0 0 0 0 0 0
433 48.8614265500 2.4056421872 21:01:42 7 0 0 0 0 0 0 0 0 0 0 0 0 0 0 0 0
434 48.8417801548 2.3141113849 21:04:07 0 0 0 4 0 0 0 0 0 0 0 0 0 0 0 0 0
435 48.8711274046 2.3640614705 21:04:12 0 0 0 0 0 2 0 0 0 0 0 0 0 0 0 0 0
436 48.8536960326 2.3609018222 21:04:27 0 0 1 2 0 2 0 0 0 0 0 0 0 0 0 0 0
437 48.8786928322 2.3458850203 21:04:40 0 0 0 0 0 0 0 0 0 0 0 0 0 0 0 0 3
438 48.8553047626 2.3931505280 21:04:51 0 0 0 0 0 0 0 0 0 0 0 0 0 0 2 0 0
439 48.8386225327 2.2936168345 21:05:02 2 0 0 0 0 0 0 0 0 4 0 0 0 0 0 0 0
440 48.8529482511 2.3898826908 21:06:45 0 0 0 0 13 0 0 0 0 0 0 0 0 0 0 0 0
441 48.8383939811 2.3193616750 21:07:06 0 0 0 4 0 0 0 0 0 0 0 0 0 0 0 0 0
442 48.8749139930 2.3175013519 21:07:57 3 0 0 0 0 0 0 0 0 0 0 0 0 0 0 0 0
443 48.8832486867 2.3184760650 21:08:41 0 4 0 0 0 0 0 0 0 0 0 0 0 0 0 0 0
444 48.8753500189 2.3561249685 21:08:44 0 0 0 3 0 0 0 0 0 0 0 0 0 0 0 0 0
445 48.8327942125 2.2969925138 21:11:19 0 0 0 0 1 0 0 0 0 0 0 0 0 0 0 0 0
446 48.8715787304 2.2894712480 21:11:29 0 0 0 0 0 0 0 0 0 0 0 0 0 0 2 0 0
447 48.8634643546 2.3769816373 21:11:37 1 0 0 0 0 0 0 0 0 4 0 0 0 0 0 0 0
448 48.8486315964 2.3648660387 21:11:39 0 0 0 0 0 4 0 0 0 0 0 0 0 0 0 0 0
449 48.8463271660 2.4095791669 21:12:47 0 0 0 0 0 0 0 0 0 0 0 2 0 0 0 0 0
450 48.8792874892 2.3847649213 21:12:55 0 0 0 0 0 0 0 0 0 0 0 0 0 0 3 0 0
451 48.8897006076 2.3280496027 21:14:20 0 0 0 0 0 0 0 0 3 0 0 0 0 0 0 0 0
452 48.8780346185 2.3295558559 21:14:47 2 0 0 0 0 0 0 0 0 0 0 0 0 0 0 0 0
453 48.8961389910 2.3470556538 21:15:18 0 0 0 0 0 2 0 0 0 0 0 0 2 0 0 0 0
454 48.8771658469 2.3224698861 21:15:46 0 0 4 0 0 0 0 0 0 0 0 0 0 0 0 0 0
455 48.8714377244 2.3710096608 21:15:49 0 0 0 0 0 0 0 0 0 0 0 0 0 0 5 0 0
456 48.8545989221 2.2657790249 21:16:18 0 0 6 0 0 5 0 0 0 0 0 0 0 0 0 0 0
457 48.8247409981 2.3151297719 21:16:31 0 0 3 0 0 0 0 0 0 0 0 0 0 0 0 0 0
458 48.8287774838 2.3288202457 21:17:09 0 0 0 0 0 0 0 0 0 0 0 3 0 0 0 0 0
459 48.8923831062 2.3341180954 21:17:13 0 4 0 0 0 0 0 0 0 0 0 0 0 0 0 0 0
460 48.8866528806 2.3475096989 21:18:04 0 0 0 1 0 0 0 3 0 0 0 0 0 0 0 0 0
461 48.8742637597 2.3358465765 21:19:14 0 0 0 3 0 0 0 0 0 0 0 0 0 0 0 0 0
462 48.8315236861 2.3658162513 21:19:44 0 0 0 0 0 0 0 0 0 0 0 0 0 0 0 1 0
463 48.8445661113 2.3090143279 21:19:58 0 0 0 2 0 0 0 0 0 0 0 0 0 0 0 0 0
464 48.8439473057 2.3075343600 21:20:49 0 0 0 0 0 0 0 0 0 0 5 0 0 0 0 0 0
465 48.8778277176 2.2916592137 21:21:13 0 0 0 0 0 0 0 4 0 0 0 0 0 0 0 0 0
466 48.8303383033 2.3414528947 21:21:46 0 0 0 0 0 4 0 0 0 0 0 0 0 0 0 0 0
467 48.8484280669 2.2613522496 21:22:23 0 0 0 0 0 0 0 0 0 0 0 0 0 0 0 1 0
468 48.8619745834 2.2995506937 21:22:51 0 0 0 0 0 0 0 0 0 4 0 0 0 0 0 0 0
469 48.8930682343 2.3302042564 21:23:09 0 0 0 4 0 0 0 0 0 0 0 0 0 0 0 0 1
470 48.8652432113 2.3709256190 21:23:37 0 0 0 1 0 0 0 0 0 0 0 0 0 0 0 0 0
471 48.8666700937 2.2765226435 21:24:00 0 0 0 0 1 0 0 0 0 0 0 0 0 0 0 0 0
472 48.8679688630 2.4055599394 21:24:09 0 0 0 0 0 0 0 0 0 0 0 0 0 0 2 0 0
473 48.8504763111 2.2921087235 21:24:21 0 0 0 0 0 2 0 0 0 0 0 0 0 0 0 0 0
474 48.8484179802 2.3314549115 21:24:58 0 0 6 2 0 2 0 4 0 0 0 0 0 0 0 0 1
475 48.8499288861 2.2844650861 21:25:10 0 0 0 0 0 0 0 0 0 0 0 0 4 0 0 0 0
476 48.8867322999 2.3234658665 21:25:56 0 0 0 0 0 0 0 0 0 0 0 0 0 0 3 0 0
477 48.8463175078 2.3702913335 21:27:29 0 0 0 0 0 0 0 0 0 0 4 0 0 0 0 0 0
478 48.8438746248 2.2953729574 21:27:47 0 0 2 0 0 0 0 0 0 0 0 0 0 0 0 0 0
479 48.8707427505 2.3787979917 21:27:49 0 0 0 0 0 0 0 0 0 1 0 0 0 0 0 0 0
480 48.8791862626 2.3014706306 21:28:24 0 0 0 0 9 0 0 0 0 0 0 0 0 0 0 0 0
481 48.8800293850 2.3573055922 21:28:26 2 0 0 0 0 2 0 0 0 0 0 0 0 0 0 0 1
482 48.8670075697 2.3027654333 21:28:36 0 0 0 0 0 0 0 0 0 0 0 3 0 0 0 0 0
483 48.8207494400 2.3727232937 21:28:38 0 0 0 0 0 0 0 0 0 0 1 0 0 0 0 0 0
484 48.8548537794 2.3541072182 21:29:11 0 0 0 0 0 0 0 0 0 0 0 0 0 0 1 0 0
485 48.8802640325 2.3249166009 21:29:24 0 0 4 0 0 0 0 0 0 0 0 0 0 0 0 0 0
486 48.8949033791 2.3828036842 21:29:28 0 0 0 0 2 0 0 0 0 0 0 0 0 0 0 0 0
487 48.8659383261 2.3844025445 21:29:56 0 1 0 0 1 0 0 0 0 0 0 0 0 0 0 0 0
488 48.8193798129 2.3654800219 21:30:21 0 0 0 0 0 3 0 0 0 0 0 0 0 0 0 0 0
489 48.8798818291 2.3295705507 21:30:22 0 0 2 0 1 0 0 0 0 0 0 0 0 0 0 0 0
490 48.8508079510 2.3946282230 21:30:46 0 0 0 2 0 0 0 0 0 0 0 0 0 0 0 0 0
491 48.8676687807 2.4092158621 21:30:58 0 0 0 0 0 0 0 0 0 0 0 0 0 0 0 0 3
492 48.8819855637 2.3418699949 21:31:07 0 0 0 0 0 0 0 0 0 0 1 0 0 0 0 0 0
493 48.8223384067 2.3616114846 21:31:10 5 0 0 0 0 0 0 0 0 0 0 0 0 0 0 0 0
494 48.8586046832 2.3298257513 21:31:39 0 0 1 0 0 0 0 0 0 0 0 0 0 0 0 0 0
495 48.8710011011 2.3587521107 21:32:30 0 0 0 0 0 0 0 2 0 4 0 0 0 0 0 0 0
496 48.8776833305 2.3398232472 21:32:35 0 0 0 0 0 0 0 3 0 0 0 0 0 0 0 0 0
497 48.8344414956 2.3096650834 21:32:39 0 0 0 6 0 0 0 0 0 0 0 0 0 0 0 0 0
498 48.8387615912 2.3077363166 21:32:46 0 0 0 2 0 0 0 0 0 0 0 0 0 0 0 0 0
499 48.8681816191 2.3580193347 21:33:33 4 0 0 0 0 0 0 0 0 0 0 0 0 0 0 0 0
500 48.8849505533 2.3417196890 21:34:03 0 0 0 0 15 0 0 0 0 0 0 0 0 0 0 0 0
501 48.8860037749 2.3932764147 21:34:33 0 0 0 4 0 0 0 0 0 0 0 0 0 0 0 0 0
502 48.8888661985 2.3585712148 21:35:37 0 4 0 0 0 0 0 0 0 0 0 0 0 0 0 0 0
503 48.8834494933 2.2909087807 21:36:15 1 0 0 0 0 0 0 0 0 0 0 0 0 0 0 0 0
504 48.8791310096 2.3438568194 21:37:30 0 1 0 0 1 0 0 0 0 0 0 0 0 0 0 0 0
505 48.8959762741 2.3228441535 21:37:42 0 0 0 0 4 0 0 0 0 0 0 0 0 0 0 0 0
506 48.8641955209 2.3555391997 21:37:48 0 0 0 0 0 0 0 0 0 0 0 0 0 0 6 0 0
507 48.8919406883 2.3437349304 21:37:52 0 0 0 0 0 2 0 0 0 2 0 0 0 0 0 0 0
508 48.8428599955 2.2630762523 21:38:05 0 2 0 0 0 0 0 0 0 0 0 0 0 0 0 0 0
509 48.8346514031 2.3209684605 21:38:25 0 0 3 0 0 0 0 0 0 0 0 0 0 0 0 0 0
510 48.8762927727 2.3547284314 21:40:52 0 0 0 0 0 0 0 0 0 0 0 0 0 0 0 0 2
511 48.8480425352 2.3317126458 21:41:07 0 0 0 0 0 0 0 0 0 0 0 0 4 0 0 0 0
512 48.8874701381 2.3818702939 21:41:07 0 0 0 0 4 0 0 0 0 0 0 0 0 0 0 0 0
513 48.8423756909 2.3898334336 21:41:56 0 0 0 7 0 0 0 0 0 0 0 0 0 0 0 0 0
514 48.8939570894 2.3387946318 21:42:49 0 0 0 0 2 0 0 0 0 0 0 0 0 0 0 0 0
515 48.8377297636 2.2894996979 21:43:16 0 0 0 2 1 0 0 0 0 0 0 0 0 0 0 0 0
516 48.8450186229 2.4102357966 21:44:27 0 0 2 0 2 0 0 0 0 0 0 0 0 0 0 0 0
517 48.8444244188 2.3276017213 21:44:45 0 0 0 0 0 4 0 0 0 0 0 0 0 0 0 0 0
518 48.8779045128 2.2913789372 21:46:16 0 0 0 0 0 0 0 0 4 0 0 0 0 0 0 0 0
519 48.8575367252 2.4005545768 21:46:18 0 0 0 0 0 0 0 0 0 0 5 0 0 0 0 0 0
520 48.8522277021 2.3980523902 21:46:46 0 0 0 4 0 0 0 0 0 0 0 0 0 0 0 0 0
521 48.8567298056 2.2924516113 21:47:04 2 0 0 0 0 0 0 0 0 0 0 0 0 0 0 0 0
522 48.8681284625 2.3354732329 21:48:26 0 0 0 0 0 0 0 0 0 4 0 0 0 0 0 0 0
523 48.8492429946 2.2984503647 21:49:29 0 0 0 0 0 0 0 2 0 0 0 0 0 0 0 0 3
524 48.8674380603 2.3304205961 21:50:33 0 0 0 0 4 0 0 0 0 0 0 0 0 0 0 0 0
525 48.8323544105 2.3585430656 21:50:46 0 0 0 0 4 0 0 0 0 0 0 0 0 0 0 0 0
526 48.8243275948 2.3287911238 21:50:55 0 0 3 0 0 0 0 0 0 0 0 0 0 0 0 0 0
527 48.8242979712 2.3729897690 21:51:06 0 0 5 0 0 0 0 0 0 0 0 0 0 0 0 0 0
528 48.8769218350 2.3890460870 21:51:40 3 2 0 0 0 0 0 0 0 0 0 0 0 0 0 0 0
529 48.8774052753 2.3354527433 21:51:56 0 4 5 0 0 0 0 0 0 0 0 0 0 0 0 0 0
530 48.8673772329 2.3622041054 21:52:06 0 0 0 0 0 0 0 0 0 0 2 0 0 0 0 0 0
531 48.8577738809 2.3586714535 21:52:36 0 0 0 0 0 0 0 0 0 0 0 0 0 0 5 0 0
532 48.8803660945 2.2909781892 21:52:50 2 0 0 0 0 0 0 0 0 0 0 0 0 0 0 0 0
533 48.8537423571 2.3376258019 21:53:10 0 0 0 0 5 0 0 0 0 0 0 0 0 0 0 0 0
534 48.8178396573 2.3621633892 21:57:16 0 0 1 0 0 0 0 0 0 0 0 0 0 0 0 0 0
535 48.8440791805 2.3192678146 21:59:03 0 1 0 0 0 0 0 0 0 0 0 0 0 0 0 0 0
536 48.8729438149 2.3180472828 21:59:55 2 0 0 0 0 0 0 0 0 0 0 0 0 0 0 0 0
537 48.8543584309 2.3413693257 22:00:35 0 0 0 2 0 0 0 0 0 0 0 0 0 0 0 0 0
538 48.8677714763 2.3756688074 22:02:03 0 0 0 0 1 0 0 0 0 0 0 0 0 0 0 0 0
539 48.8776543828 2.2874345062 22:02:18 0 0 0 0 3 0 0 0 0 0 0 0 0 0 0 0 0
540 48.8883935746 2.3274665867 22:02:32 0 2 0 4 0 0 0 0 0 0 0 0 0 0 0 0 0
541 48.8712771422 2.3068660454 22:02:50 0 0 0 0 8 0 0 0 0 0 0 0 0 0 0 0 0
542 48.8479860772 2.3303573967 22:03:38 3 0 0 0 0 0 0 0 0 0 0 0 0 0 0 0 0
543 48.8817309527 2.3477597078 22:05:50 6 0 0 0 1 0 0 0 0 0 0 0 0 0 0 0 0
544 48.8696235081 2.3655593308 22:06:22 0 1 0 0 0 0 0 0 0 0 0 0 0 0 0 0 0
545 48.8967561540 2.3236384153 22:07:46 0 0 0 0 3 0 0 0 0 0 0 0 0 0 0 0 0
546 48.8386996312 2.3039195750 22:12:55 0 0 0 2 0 0 0 0 0 0 0 0 0 0 0 0 0
547 48.8784151131 2.3492617665 22:15:31 0 0 0 7 0 0 0 0 0 0 0 0 0 0 0 0 0
548 48.8381049941 2.2982455823 22:16:21 0 0 4 0 0 0 0 0 0 0 0 0 0 0 0 0 0
549 48.8827382150 2.3059418479 22:16:33 0 0 0 0 7 0 0 0 0 0 0 0 0 0 0 0 0
550 48.8719199662 2.3055256850 22:17:41 0 0 0 0 1 0 0 0 0 0 0 0 0 0 0 0 0
551 48.8724301185 2.3195310404 22:20:19 7 0 0 0 1 0 0 0 0 0 0 0 0 0 0 0 0
552 48.8727145173 2.3093350935 22:20:39 0 0 0 0 4 0 0 0 0 0 0 0 0 0 0 0 0
553 48.8330890764 2.3164089080 22:21:04 0 0 0 7 0 0 0 0 0 0 0 0 0 0 0 0 0
554 48.8665574114 2.3502386774 22:23:06 3 4 0 0 2 0 0 0 0 0 0 0 0 0 0 0 0
555 48.8561572545 2.4034200815 22:23:19 0 0 0 0 3 0 0 0 0 0 0 0 0 0 0 0 0
556 48.8624342805 2.3621146023 22:24:44 0 0 0 0 3 0 0 0 0 0 0 0 0 0 0 0 0
557 48.8900502864 2.3271889117 22:24:49 0 0 0 0 4 0 0 0 0 0 0 0 0 0 0 0 0
558 48.8431694873 2.3889844181 22:25:34 0 0 4 0 3 0 0 0 0 0 0 0 0 0 0 0 0
559 48.8301239101 2.3294757794 22:27:23 0 0 0 0 2 0 0 0 0 0 0 0 0 0 0 0 0
560 48.8909622506 2.3464580297 22:31:59 2 0 0 0 0 0 0 0 0 0 0 0 0 0 0 0 0
561 48.8378244478 2.3363208518 22:32:15 3 0 4 0 1 0 0 0 0 0 0 0 0 0 0 0 0
562 48.8539824914 2.3947669889 22:33:06 3 0 0 0 1 0 0 0 0 0 0 0 0 0 0 0 0
563 48.8459503001 2.3975444233 22:33:29 5 0 0 0 0 0 0 0 0 0 0 0 0 0 0 0 0
564 48.8447224254 2.2983577819 22:35:48 0 0 4 0 2 0 0 0 0 0 0 0 0 0 0 0 0
565 48.8812203739 2.3314993160 22:35:49 0 0 0 6 1 0 0 0 0 0 0 0 0 0 0 0 0
566 48.8606395348 2.3794868093 22:40:48 0 0 0 0 3 0 0 0 0 0 0 0 0 0 0 0 0
567 48.8735243821 2.3130535644 22:41:29 0 0 3 0 0 0 0 0 0 0 0 0 0 0 0 0 0
568 48.8330837797 2.3701873766 22:41:37 0 1 0 2 0 0 0 0 0 0 0 0 0 0 0 0 0
569 48.8704446758 2.3639855639 22:42:18 0 0 4 0 0 0 0 0 0 0 0 0 0 0 0 0 0
570 48.8346875666 2.3232875358 22:46:54 0 0 0 4 0 0 0 0 0 0 0 0 0 0 0 0 0
571 48.8800098252 2.3330188797 22:47:17 0 0 0 3 0 0 0 0 0 0 0 0 0 0 0 0 0
572 48.8697702707 2.3802638364 22:47:47 0 0 0 0 1 0 0 0 0 0 0 0 0 0 0 0 0
573 48.8502731277 2.3990781650 22:48:08 0 2 0 0 0 0 0 0 0 0 0 0 0 0 0 0 0
574 48.8518960511 2.3903307301 22:48:21 0 0 2 0 2 0 0 0 0 0 0 0 0 0 0 0 0
575 48.8414409538 2.2779531447 22:51:59 1 0 2 0 0 0 0 0 0 0 0 0 0 0 0 0 0
576 48.8667027047 2.2975432271 22:52:01 4 0 0 0 0 0 0 0 0 0 0 0 0 0 0 0 0
577 48.8662720204 2.2876045097 22:55:19 2 0 0 0 0 0 0 0 0 0 0 0 0 0 0 0 0
578 48.8380261813 2.4024160189 22:56:33 0 0 0 0 1 0 0 0 0 0 0 0 0 0 0 0 0
579 48.8513312533 2.3071583449 22:56:44 0 0 0 8 0 0 0 0 0 0 0 0 0 0 0 0 0
580 48.8640812858 2.3651314584 23:00:09 2 0 0 0 0 0 0 0 0 0 0 0 0 0 0 0 0
581 48.8343526974 2.3579729323 23:03:25 0 2 0 0 0 0 0 0 0 0 0 0 0 0 0 0 0
582 48.8833694270 2.3228654677 23:04:32 0 0 0 0 4 0 0 0 0 0 0 0 0 0 0 0 0
583 48.8567086428 2.3858436207 23:06:44 0 0 0 0 1 0 0 0 0 0 0 0 0 0 0 0 0
584 48.8638608603 2.3899052342 23:08:08 2 0 0 0 0 0 0 0 0 0 0 0 0 0 0 0 0
585 48.8265800605 2.3478110702 23:10:23 0 0 0 0 5 0 0 0 0 0 0 0 0 0 0 0 0
586 48.8547279329 2.3250036418 23:13:05 0 0 0 4 0 0 0 0 0 0 0 0 0 0 0 0 0
587 48.8851388266 2.3414867489 23:13:47 0 2 0 0 0 0 0 0 0 0 0 0 0 0 0 0 0
588 48.8488047234 2.3465068122 23:17:45 1 0 0 0 2 0 0 0 0 0 0 0 0 0 0 0 0
589 48.8860893545 2.3361572787 23:23:44 0 0 0 0 1 0 0 0 0 0 0 0 0 0 0 0 0
590 48.8577615924 2.3843501217 23:26:14 0 0 0 0 2 0 0 0 0 0 0 0 0 0 0 0 0
591 48.8601965007 2.2998865755 23:35:55 5 0 0 0 0 0 0 0 0 0 0 0 0 0 0 0 0
592 48.8745753568 2.3541478240 23:38:30 0 0 0 0 2 0 0 0 0 0 0 0 0 0 0 0 0
